show equipment ont optics 
========================================================================================
optics table
========================================================================================
              |rx-signal  |tx-signal  |ont        |           |laser        |olt-rx     
ont-idx       |level      |level      |temperature|ont-voltage|bias-curr    |sig-level  
--------------+-----------+-----------+-----------+-----------+-------------+-----------
1/1/1/1/1      -21 192     1 990       49 000      3 26        9200 0        -23 0      
1/1/1/1/2      -20 132     2 420       51 801      3 24        7750 0        -22 4      
1/1/1/1/3      -25 528     2 124       54 000      3 28        8600 0        -27 6      
1/1/1/1/4      unknown     unknown     unknown     unknown     unknown       invalid    
1/1/1/1/5      -26 576     2 226       50 102      3 28        7900 0        -28 5      
1/1/1/1/6      -24 560     2 052       52 199      3 26        8600 0        -25 5      
1/1/1/1/7      -25 376     2 014       49 398      3 28        7400 0        -25 5      
1/1/1/1/8      -23 666     1 866       50 102      3 26        6800 0        -26 7      
1/1/1/1/9      -25 850     2 080       26 879      3 36        12850 0       -26 7      
1/1/1/1/10     -22 000     2 820       40 387      3 26        15350 0       -21 8      
1/1/1/1/11     -20 860     2 060       36 066      3 34        17350 0       -22 5      
1/1/1/1/12     -24 680     2 230       40 289      3 28        13850 0       -25 5      
1/1/1/1/13     -20 268     2 290       53 301      3 24        7700 0        -22 1      
1/1/1/1/14     -23 468     2 218       51 500      3 24        7800 0        -25 6      
1/1/1/1/15     -21 480     2 460       35 156      3 26        12800 0       -22 5      
1/1/1/1/16     -20 700     2 930       32 988      3 26        9050 0        -22 3      
1/1/1/1/17     -22 292     2 414       41 699      3 18        8768 0        -23 8      
1/1/1/1/18     -28 240     2 394       51 500      3 24        8050 0        -30 9      
1/1/1/1/19     -19 830     1 894       50 102      3 26        7750 0        -23 8      
1/1/1/1/21     unknown     unknown     unknown     unknown     unknown       invalid    
1/1/1/1/22     -23 872     1 902       50 801      3 28        7950 0        -25 2      
1/1/1/1/23     -23 098     2 274       53 602      3 26        8300 0        -25 6      
1/1/1/1/26     -18 794     1 954       51 500      3 26        9600 0        -21 1      
1/1/1/1/27     -23 280     2 204       49 398      3 26        7450 0        -24 4      
1/1/1/1/28     -20 316     1 998       41 699      3 24        9350 0        -22 8      
1/1/1/1/29     -22 218     1 840       43 000      3 26        6850 0        -25 0      
1/1/1/1/30     -23 280     1 922       51 500      3 26        8200 0        -23 4      
1/1/1/1/31     unknown     unknown     unknown     unknown     unknown       invalid    
1/1/1/1/32     unknown     unknown     unknown     unknown     unknown       invalid    
1/1/1/1/33     -21 426     1 916       39 102      3 24        6062 0        -24 4      
1/1/1/1/34     unknown     unknown     unknown     unknown     unknown       invalid    
1/1/1/1/36     -20 044     2 292       52 199      3 28        7800 0        -22 5      
1/1/1/1/37     -20 556     1 926       53 301      3 24        7400 0        -23 0      
1/1/1/1/38     -21 740     2 080       48 699      3 26        7500 0        -24 3      
1/1/1/1/39     -30 458     2 032       52 602      3 28        10950 0       -27 2      
1/1/1/1/40     -22 442     2 096       49 699      3 26        7350 0        -24 2      
1/1/1/1/41     -18 962     2 274       50 801      3 24        7450 0        -21 1      
1/1/1/1/43     -21 426     2 320       43 602      3 26        7000 0        -23 5      
1/1/1/1/44     -20 458     1 978       51 801      3 28        8100 0        -22 8      
1/1/1/1/46     unknown     unknown     unknown     unknown     unknown       invalid    
1/1/1/1/47     -21 612     1 716       52 898      3 26        8950 0        -23 0      
1/1/1/1/48     unknown     unknown     unknown     unknown     unknown       invalid    
1/1/1/1/49     -19 208     2 156       48 000      3 28        13000 0       -22 2      
1/1/1/1/50     -21 250     1 908       42 102      3 28        9350 0        -23 6      
1/1/1/1/51     -21 550     2 060       45 699      3 26        13900 0       -23 3      
1/1/1/1/52     unknown     unknown     unknown     unknown     unknown       invalid    
1/1/1/1/53     -24 202     1 844       53 301      3 26        8950 0        -26 7      
1/1/1/1/54     unknown     unknown     unknown     unknown     unknown       invalid    
1/1/1/1/55     -24 436     2 350       47 301      3 30        19250 0       -27 6      
1/1/1/1/56     unknown     unknown     unknown     unknown     unknown       invalid    
1/1/1/1/58     -23 768     2 098       48 699      3 24        7850 0        -23 6      
1/1/1/1/59     -23 188     1 936       51 102      3 24        6600 0        -25 0      
1/1/1/1/60     unknown     unknown     unknown     unknown     unknown       invalid    
1/1/1/1/61     -24 436     1 960       50 801      3 26        7950 0        -26 3      
1/1/1/1/64     -26 198     1 984       49 000      3 28        7950 0        -25 8      
1/1/1/1/65     -24 948     2 156       49 500      3 24        9400 0        -24 4      
1/1/1/1/66     -21 080     2 158       40 199      3 26        8600 0        -24 8      
1/1/1/1/67     -19 872     2 216       49 000      3 28        8400 0        -21 3      
1/1/1/1/69     -21 804     1 904       39 500      3 26        5212 0        -24 5      
1/1/1/1/70     -28 240     1 658       52 199      3 28        8050 0        -33 0      
1/1/1/1/71     -20 970     1 736       51 801      3 28        11250 0       -23 2      
1/1/1/1/72     unknown     unknown     unknown     unknown     unknown       invalid    
1/1/1/1/73     unknown     unknown     unknown     unknown     unknown       invalid    
1/1/1/1/74     -24 948     2 092       48 301      3 26        8500 0        -24 9      
1/1/1/1/75     -32 218     2 012       47 199      3 28        7050 0        -29 2      
1/1/1/1/76     unknown     unknown     unknown     unknown     unknown       invalid    
1/1/1/1/77     -24 686     2 448       53 602      3 26        13150 0       -26 0      
1/1/1/1/78     -26 778     2 136       48 000      3 24        10150 0       -27 4      
1/1/1/1/79     -21 366     1 922       46 898      3 26        10850 0       -23 4      
1/1/1/1/81     -22 220     2 098       36 000      3 38        6000 0        -23 2      
1/1/1/1/82     unknown     unknown     unknown     unknown     unknown       invalid    
1/1/1/1/83     -21 938     1 998       39 000      3 26        5788 0        -24 2      
1/1/1/1/84     -19 706     1 828       38 699      3 28        7750 0        -21 3      
1/1/1/1/85     -20 862     1 856       40 898      3 28        7250 0        -23 6      
1/1/1/1/86     -21 550     2 278       51 801      3 26        7800 0        -23 1      
1/1/1/1/87     unknown     unknown     unknown     unknown     unknown       invalid    
1/1/1/1/88     unknown     unknown     unknown     unknown     unknown       invalid    
1/1/1/1/90     -26 778     1 922       35 602      3 24        8700 0        -27 9      
1/1/1/1/91     -20 222     1 820       44 000      3 26        8000 0        -22 2      
1/1/1/1/92     -22 840     2 308       50 102      3 24        7450 0        -24 5      
1/1/1/1/93     -19 872     1 968       50 398      3 26        8800 0        -22 5      
1/1/1/1/94     -23 872     1 826       43 199      3 24        9550 0        -26 0      
1/1/1/1/95     -23 188     1 992       47 301      3 30        17650 0       -24 3      
1/1/1/1/96     -27 958     2 354       51 102      3 24        7050 0        -32 2      
1/1/1/1/97     unknown     unknown     unknown     unknown     unknown       invalid    
1/1/1/1/98     -22 006     2 196       41 000      3 26        7000 0        -24 6      
1/1/1/1/100    -24 814     2 112       49 000      3 26        9100 0        -26 5      
1/1/1/1/101    -29 586     2 026       39 102      3 26        7050 0        -29 5      
1/1/1/1/103    -22 076     2 296       43 301      3 28        6550 0        -23 7      
1/1/1/1/105    -22 518     2 102       46 000      3 24        9400 0        -24 8      
1/1/1/1/106    -23 980     2 128       36 500      3 24        7500 0        -26 1      
1/1/1/1/107    unknown     unknown     unknown     unknown     unknown       invalid    
1/1/1/1/109    -21 250     2 152       49 500      3 28        11600 0       -24 3      
1/1/1/1/110    -23 980     1 712       51 801      3 26        8400 0        -25 6      
1/1/1/1/111    -24 948     2 004       34 500      3 26        6800 0        -27 2      
1/1/1/1/112    -22 676     1 980       51 000      3 24        10100 0       -25 6      
1/1/1/1/114    -18 538     2 114       50 102      3 26        8150 0        -21 3      
1/1/1/1/116    -19 788     1 904       40 500      3 26        7600 0        -22 3      
1/1/1/1/117    -19 470     1 712       43 102      3 24        8900 0        -22 0      
1/1/1/1/118    -19 956     1 700       37 102      3 26        8300 0        -22 0      
1/1/1/1/119    -19 546     2 106       42 699      3 28        8600 0        -21 1      
1/1/1/1/120    -21 308     2 084       43 898      3 28        6388 0        -24 2      
1/1/1/1/121    unknown     unknown     unknown     unknown     unknown       invalid    
1/1/1/1/122    -20 810     2 224       50 602      3 26        10050 0       -24 0      
1/1/1/1/123    unknown     unknown     unknown     unknown     unknown       invalid    
1/1/1/1/124    -21 550     2 260       50 102      3 26        6800 0        -24 0      
1/1/1/1/127    -26 576     1 816       48 000      3 28        6850 0        -29 2      
1/1/1/1/128    -19 546     2 016       40 199      3 28        9900 0        -21 8      
1/1/1/2/1      -19 100     2 072       50 102      3 26        7350 0        -21 6      
1/1/1/2/3      -29 998     2 166       40 500      3 26        6900 0        -30 9      
1/1/1/2/4      -20 316     2 432       38 398      3 26        5500 0        -23 0      
1/1/1/2/5      -18 632     2 082       53 602      3 28        10250 0       -22 2      
1/1/1/2/6      -18 696     2 544       39 801      3 28        5150 0        -21 9      
1/1/1/2/7      -19 914     2 186       36 602      3 30        5762 0        -23 0      
1/1/1/2/8      -28 538     2 134       55 801      3 26        10150 0       -30 4      
1/1/1/2/9      -20 970     2 040       49 699      3 24        7050 0        -24 8      
1/1/1/2/10     -18 632     2 022       49 898      3 26        9500 0        -22 2      
1/1/1/2/11     unknown     unknown     unknown     unknown     unknown       invalid    
1/1/1/2/12     -23 872     1 982       51 500      3 26        8600 0        -28 2      
1/1/1/2/13     -18 996     2 232       43 602      3 26        9100 0        -21 8      
1/1/1/2/14     unknown     unknown     unknown     unknown     unknown       invalid    
1/1/1/2/15     -21 024     2 168       50 398      3 26        8800 0        -25 5      
1/1/1/2/16     -19 394     2 158       39 699      3 26        7250 0        -23 0      
1/1/1/2/17     unknown     unknown     unknown     unknown     unknown       invalid    
1/1/1/2/18     -19 586     2 062       51 801      3 28        9400 0        -23 2      
1/1/1/2/19     -23 372     2 312       47 699      3 28        14150 0       -25 6      
1/1/1/2/20     unknown     unknown     unknown     unknown     unknown       invalid    
1/1/1/2/21     -19 546     2 168       50 398      3 28        8150 0        -22 8      
1/1/1/2/22     -19 872     2 018       50 801      3 26        8350 0        -22 6      
1/1/1/2/25     unknown     unknown     unknown     unknown     unknown       invalid    
1/1/1/2/26     unknown     unknown     unknown     unknown     unknown       invalid    
1/1/1/2/27     -19 788     1 926       52 102      3 28        12850 0       -23 0      
1/1/1/2/28     -18 962     1 940       42 801      3 26        8450 0        -22 0      
1/1/1/2/29     unknown     unknown     unknown     unknown     unknown       invalid    
1/1/1/2/30     -19 356     2 086       53 602      3 26        9150 0        -22 9      
1/1/1/2/31     -20 132     2 310       51 500      3 26        9050 0        -23 8      
1/1/1/2/32     -19 208     2 226       48 699      3 26        8350 0        -24 3      
1/1/1/2/34     -22 146     1 990       49 398      3 26        9250 0        -25 8      
1/1/1/2/35     -25 376     2 170       41 699      3 24        7350 0        -29 5      
1/1/1/2/36     -18 860     2 106       55 500      3 26        11100 0       -22 5      
1/1/1/2/38     -21 804     2 062       41 602      3 24        6950 0        -26 5      
1/1/1/2/40     -21 804     1 884       44 699      3 24        8950 0        -25 0      
1/1/1/2/41     -24 318     1 854       41 699      3 24        6224 0        -23 6      
1/1/1/2/42     -19 394     2 102       52 602      3 28        8350 0        -22 7      
1/1/1/2/47     -23 372     1 792       41 699      3 24        11200 0       -26 7      
1/1/1/2/48     -19 746     2 044       47 199      3 26        7300 0        -21 6      
1/1/1/2/49     -18 828     2 252       39 699      3 26        7000 0        -22 1      
1/1/1/2/50     -21 080     2 096       57 500      3 24        8400 0        -24 4      
1/1/1/2/51     -20 810     1 950       47 602      3 24        6900 0        -23 2      
1/1/1/2/52     -20 178     1 878       41 199      3 26        7100 0        -23 0      
1/1/1/2/53     -21 674     1 652       43 602      3 24        9000 0        -25 0      
1/1/1/2/54     -25 850     2 396       50 102      3 28        6900 0        -27 6      
1/1/1/2/55     -30 458     2 110       49 000      3 26        8000 0        -33 9      
1/1/1/2/56     -21 192     2 488       47 602      3 26        8050 0        -25 0      
1/1/1/2/57     unknown     unknown     unknown     unknown     unknown       invalid    
1/1/1/2/58     unknown     unknown     unknown     unknown     unknown       invalid    
1/1/1/2/59     unknown     unknown     unknown     unknown     unknown       invalid    
1/1/1/2/64     unknown     unknown     unknown     unknown     unknown       invalid    
1/1/1/2/66     -18 894     1 984       48 301      3 28        8100 0        -23 1      
1/1/1/2/67     -18 356     2 200       48 699      3 28        6388 0        -21 7      
1/1/1/2/68     -19 626     2 110       41 301      3 26        9100 0        -22 8      
1/1/1/2/69     -19 586     2 238       45 102      3 26        16400 0       -23 8      
1/1/1/2/70     -24 686     1 880       40 500      3 26        8400 0        -30 9      
1/1/1/2/71     -21 488     1 782       42 102      3 26        7950 0        -23 2      
1/1/1/2/72     -19 586     1 650       39 699      3 26        6500 0        -22 5      
1/1/1/2/73     -21 024     1 682       38 699      3 28        6088 0        -25 8      
1/1/1/2/115    -18 728     2 236       49 398      3 28        7000 0        -22 4      
1/1/1/2/116    -19 356     2 214       48 000      3 24        8550 0        -22 9      
1/1/1/2/117    -19 830     1 988       46 898      3 26        7700 0        -23 6      
1/1/1/2/118    -19 626     2 246       42 102      3 24        7950 0        -23 3      
1/1/1/2/119    unknown     unknown     unknown     unknown     unknown       invalid    
1/1/1/2/120    -18 416     1 932       44 602      3 22        11150 0       -22 2      
1/1/1/2/121    -20 000     2 090       52 602      3 28        6850 0        -23 5      
1/1/1/2/122    -28 240     1 814       41 199      3 24        7750 0        -33 0      
1/1/1/2/123    -18 894     2 234       51 500      3 24        8300 0        -22 5      
1/1/1/2/124    -18 664     1 846       40 602      3 26        7700 0        -22 6      
1/1/1/2/125    -19 746     2 358       39 699      3 24        6500 0        -23 6      
1/1/1/2/126    -21 136     2 040       37 898      3 28        13300 0       -22 8      
1/1/1/2/128    -19 136     2 090       40 199      3 26        8500 0        -23 7      
1/1/1/3/1      -28 240     2 310       39 398      3 26        5186 0        -30 0      
1/1/1/3/2      -20 316     2 622       40 898      3 28        7950 0        -22 7      
1/1/1/3/3      -20 362     1 876       44 102      3 28        5638 0        -24 2      
1/1/1/3/4      -21 080     2 100       46 602      3 24        9350 0        -23 5      
1/1/1/3/5      -24 318     2 238       53 301      3 24        9200 0        -26 5      
1/1/1/3/6      -20 656     2 200       50 398      3 26        8300 0        -24 3      
1/1/1/3/7      -25 528     2 162       42 500      3 26        9150 0        -27 9      
1/1/1/3/8      -20 970     1 878       42 102      3 26        11350 0       -23 5      
1/1/1/3/9      unknown     unknown     unknown     unknown     unknown       invalid    
1/1/1/3/10     -20 758     1 988       42 398      3 26        7350 0        -23 9      
1/1/1/3/11     -24 436     2 246       40 898      3 28        9150 0        -26 9      
1/1/1/3/12     -21 308     1 878       42 398      3 24        8600 0        -24 0      
1/1/1/3/13     -23 188     1 746       42 000      3 24        8550 0        -26 1      
1/1/1/3/14     -23 872     1 994       35 602      3 24        5736 0        -27 2      
1/1/1/3/15     -22 292     1 870       38 699      3 26        7850 0        -25 2      
1/1/1/3/16     -22 366     2 202       42 699      3 24        6700 0        -26 0      
1/1/1/3/17     -25 228     2 178       40 898      3 30        6188 0        -29 5      
1/1/1/3/18     -28 240     1 820       40 199      3 24        7600 0        -31 5      
1/1/1/3/19     -21 488     2 140       39 801      3 24        9400 0        -24 3      
1/1/1/3/20     -28 860     1 870       42 102      3 24        10450 0       -32 2      
1/1/1/3/21     -22 076     2 096       52 602      3 24        8500 0        -25 8      
1/1/1/3/22     -20 916     1 950       48 301      3 28        7650 0        -24 5      
1/1/1/3/23     -25 686     2 084       48 699      3 24        6850 0        -33 0      
1/1/1/3/24     -26 990     1 904       40 199      3 26        8400 0        -26 9      
1/1/1/3/25     -27 448     2 150       51 102      3 24        8900 0        -28 5      
1/1/1/3/26     -21 308     2 002       42 102      3 22        8550 0        -25 3      
1/1/1/3/27     -22 218     2 020       49 699      3 28        8850 0        -24 4      
1/1/1/3/28     -21 938     2 244       41 301      3 24        7850 0        -25 2      
1/1/1/3/29     -27 212     1 792       40 199      3 24        10500 0       -29 2      
1/1/1/3/30     unknown     unknown     unknown     unknown     unknown       invalid    
1/1/1/3/31     unknown     unknown     unknown     unknown     unknown       invalid    
1/1/1/3/32     -25 086     1 832       39 699      3 28        8050 0        -28 5      
1/1/1/3/34     -22 218     2 334       51 801      3 26        7900 0        -25 2      
1/1/1/3/36     -24 436     1 876       48 699      3 24        8050 0        -28 2      
1/1/1/3/37     unknown     unknown     unknown     unknown     unknown       invalid    
1/1/1/3/38     -21 870     2 054       51 000      3 26        12550 0       -24 8      
1/1/1/3/39     -23 468     1 994       48 000      3 24        7800 0        -28 8      
1/1/1/3/41     -21 938     2 714       52 602      3 26        7100 0        -24 6      
1/1/1/3/42     -21 804     2 180       48 699      3 26        5912 0        -25 0      
1/1/1/3/43     -21 804     2 188       48 699      3 28        6088 0        -24 4      
1/1/1/3/44     -21 080     2 146       48 000      3 28        10950 0       -24 6      
1/1/1/3/45     -23 566     2 338       48 000      3 26        7800 0        -25 2      
1/1/1/3/46     -28 860     2 102       51 801      3 28        16850 0       -32 2      
1/1/1/3/47     -23 872     1 818       44 398      3 24        6000 0        -26 9      
1/1/1/3/48     -21 870     1 914       48 699      3 28        8600 0        -25 5      
1/1/1/3/49     -22 758     2 110       53 602      3 30        9050 0        -25 8      
1/1/1/3/50     -21 024     1 730       50 801      3 26        7650 0        -24 6      
1/1/1/3/51     -21 426     1 786       41 301      3 26        8450 0        -23 0      
1/1/1/3/52     -20 458     2 218       43 102      3 28        7650 0        -24 4      
1/1/1/3/53     -22 596     2 088       38 199      3 24        7300 0        -25 0      
1/1/1/3/54     unknown     unknown     unknown     unknown     unknown       invalid    
1/1/1/3/55     -27 958     2 060       49 699      3 28        8600 0        -31 5      
1/1/1/3/56     unknown     unknown     unknown     unknown     unknown       invalid    
1/1/1/3/57     -26 020     2 004       47 602      3 26        9450 0        -28 8      
1/1/1/3/58     -22 596     2 272       51 102      3 26        7200 0        -25 8      
1/1/1/3/59     -22 596     1 904       49 398      3 26        8300 0        -26 9      
1/1/1/3/60     -21 024     2 256       44 199      3 28        9850 0        -24 2      
1/1/1/3/61     -24 948     2 172       55 398      3 28        10400 0       -29 2      
1/1/1/3/63     -30 970     2 250       50 801      3 26        9250 0        -33 9      
1/1/1/3/64     -21 740     2 224       49 398      3 28        6950 0        -24 9      
1/1/1/3/65     -21 366     2 152       48 000      3 26        7250 0        -25 3      
1/1/1/3/66     -20 044     2 270       36 500      3 26        6850 0        -23 6      
1/1/1/3/67     -27 696     1 970       38 602      3 26        7400 0        -29 2      
1/1/1/3/68     -21 080     2 302       41 699      3 26        9250 0        -23 7      
1/1/1/3/69     -22 366     2 288       49 398      3 28        7250 0        -24 4      
1/1/1/3/70     -22 924     2 170       49 000      3 24        7850 0        -27 4      
1/1/1/3/71     -21 550     2 068       47 199      3 24        8050 0        -24 5      
1/1/1/3/72     -20 970     2 070       40 199      3 22        7700 0        -24 0      
1/1/1/3/73     -20 758     2 070       42 102      3 28        8300 0        -22 8      
1/1/1/3/74     unknown     unknown     unknown     unknown     unknown       invalid    
1/1/1/3/75     -22 218     1 782       49 398      3 26        7500 0        -25 2      
1/1/1/3/76     -20 916     1 930       41 699      3 28        5362 0        -24 3      
1/1/1/3/77     -21 488     2 204       41 699      3 24        8950 0        -24 6      
1/1/1/3/78     -21 366     1 974       50 398      3 26        8250 0        -24 8      
1/1/1/3/79     -23 188     2 148       48 699      3 28        7800 0        -28 2      
1/1/1/3/80     -21 674     2 116       46 898      3 28        7400 0        -24 5      
1/1/1/3/81     -22 758     2 404       40 898      3 32        15750 0       -25 8      
1/1/1/3/82     unknown     unknown     unknown     unknown     unknown       invalid    
1/1/1/3/83     -20 970     1 842       49 801      3 24        9250 0        -24 4      
1/1/1/3/84     -23 280     1 892       44 500      3 28        6700 0        -25 6      
1/1/1/3/86     -21 366     2 272       48 301      3 26        7950 0        -24 5      
1/1/1/3/87     -22 676     2 170       43 199      3 24        8900 0        -25 6      
1/1/1/3/88     -21 550     2 202       43 199      3 30        7050 0        -25 3      
1/1/1/3/89     -22 006     1 924       39 699      3 24        11450 0       -25 3      
1/1/1/3/90     -25 376     2 088       42 102      3 24        10450 0       -28 5      
1/1/1/3/91     -20 970     2 338       52 602      3 28        7900 0        -23 0      
1/1/1/3/92     -25 376     1 708       48 301      3 26        7050 0        -28 2      
1/1/1/3/93     -29 208     1 904       52 602      3 24        8900 0        -33 0      
1/1/1/3/94     -20 706     1 766       51 801      3 28        6750 0        -23 9      
1/1/1/3/96     -23 010     1 948       41 301      3 24        10650 0       -26 5      
1/1/1/3/97     -21 136     2 150       40 199      3 26        8150 0        -23 6      
1/1/1/3/98     -23 280     2 248       40 602      3 26        7550 0        -23 9      
1/1/1/3/99     -21 308     1 862       40 500      3 26        6900 0        -24 8      
1/1/1/3/100    -20 506     2 038       35 199      3 28        9400 0        -23 3      
1/1/1/3/101    -21 250     1 836       41 602      3 26        7700 0        -23 6      
1/1/1/3/102    -20 916     2 024       41 699      3 24        9350 0        -23 7      
1/1/1/3/103    -22 292     2 402       43 398      3 24        7000 0        -24 8      
1/1/1/3/104    -25 376     1 998       49 398      3 24        8900 0        -29 5      
1/1/1/3/105    -24 318     1 900       39 801      3 26        7900 0        -27 2      
1/1/1/3/106    -21 674     1 882       38 699      3 24        6900 0        -24 6      
1/1/1/3/107    -21 804     1 992       40 102      3 24        7550 0        -25 8      
1/1/1/3/108    -22 292     2 306       46 500      3 28        8750 0        -25 3      
1/1/1/3/109    -28 240     2 214       39 500      3 26        10300 0       -32 2      
1/1/1/3/110    -25 686     2 254       38 000      3 28        8450 0        -29 5      
1/1/1/3/113    -20 916     2 052       42 699      3 28        8100 0        -24 0      
1/1/1/3/114    -20 970     1 976       52 602      3 28        8300 0        -24 6      
1/1/1/3/115    -22 596     2 170       52 199      3 26        7200 0        -25 6      
1/1/1/3/116    -27 448     2 198       49 699      3 28        7250 0        -30 0      
1/1/1/3/117    -20 222     2 352       51 500      3 26        8500 0        -22 5      
1/1/1/3/118    -24 202     2 272       47 301      3 28        15150 0       -30 0      
1/1/1/3/119    -21 612     1 854       38 301      3 28        7900 0        -24 5      
1/1/1/3/120    unknown     unknown     unknown     unknown     unknown       invalid    
1/1/1/3/121    -22 518     2 134       46 199      3 28        16750 0       -27 2      
1/1/1/3/122    -18 762     2 236       40 602      3 26        9100 0        -24 9      
1/1/1/3/123    unknown     unknown     unknown     unknown     unknown       invalid    
1/1/1/3/125    -27 448     1 762       35 699      3 24        5976 0        -26 3      
1/1/1/3/126    -22 758     2 324       50 602      3 26        15200 0       -25 2      
1/1/1/3/127    -26 576     1 974       44 500      3 24        8650 0        -29 2      
1/1/1/3/128    -21 080     1 942       46 500      3 24        10250 0       -24 2      
1/1/1/4/1      -20 758     2 162       49 699      3 24        6800 0        -23 3      
1/1/1/4/2      -20 604     1 824       38 602      3 24        7600 0        -24 2      
1/1/1/4/3      -20 916     2 342       51 500      3 28        8750 0        -24 9      
1/1/1/4/4      -20 000     2 062       40 102      3 26        7750 0        -23 6      
1/1/1/4/5      -23 010     2 074       49 000      3 28        8000 0        -25 5      
1/1/1/4/6      -22 758     1 650       38 602      3 26        6950 0        -26 3      
1/1/1/4/7      -20 268     2 222       44 102      3 26        6650 0        -23 3      
1/1/1/4/8      -19 066     2 188       50 398      3 26        7500 0        -22 6      
1/1/1/4/9      -21 938     2 654       48 301      3 28        8050 0        -24 8      
1/1/1/4/10     -22 366     2 416       53 301      3 28        12400 0       -24 6      
1/1/1/4/11     -21 488     2 160       39 500      3 24        7850 0        -24 4      
1/1/1/4/13     -26 020     2 370       43 301      3 28        7100 0        -27 6      
1/1/1/4/14     unknown     unknown     unknown     unknown     unknown       invalid    
1/1/1/4/15     unknown     unknown     unknown     unknown     unknown       invalid    
1/1/1/4/16     -21 804     2 012       40 500      3 24        7000 0        -23 0      
1/1/1/4/17     -19 318     2 134       51 801      3 28        7200 0        -22 3      
1/1/1/4/18     unknown     unknown     unknown     unknown     unknown       invalid    
1/1/1/5/1      -22 146     2 302       36 301      3 28        10750 0       -26 7      
1/1/1/5/2      -20 810     2 102       51 801      3 28        10050 0       -24 4      
1/1/1/5/3      unknown     unknown     unknown     unknown     unknown       invalid    
1/1/1/5/4      unknown     unknown     unknown     unknown     unknown       invalid    
1/1/1/5/5      -24 814     2 370       47 301      3 28        11400 0       -24 8      
1/1/1/5/6      -21 250     2 186       47 301      3 28        6800 0        -25 3      
1/1/1/5/7      unknown     unknown     unknown     unknown     unknown       invalid    
1/1/1/5/9      -25 686     1 610       49 398      3 24        7500 0        -24 8      
1/1/1/5/10     -24 948     1 826       51 500      3 28        8450 0        -29 5      
1/1/1/5/11     -19 430     2 122       50 801      3 24        9000 0        -23 3      
1/1/1/5/12     -26 990     2 188       49 500      3 28        11800 0       -30 4      
1/1/1/5/13     -19 788     1 860       48 699      3 26        7550 0        -24 4      
1/1/1/5/14     -21 674     2 008       52 898      3 28        6800 0        -25 5      
1/1/1/5/17     -19 666     1 912       50 102      3 28        9750 0        -23 7      
1/1/1/5/18     -18 416     1 730       51 500      3 28        8450 0        -22 5      
1/1/1/5/19     -19 136     2 250       51 500      3 28        7750 0        -22 5      
1/1/1/5/20     -20 604     1 842       46 500      3 26        11300 0       -25 2      
1/1/1/5/21     -20 970     1 818       51 801      3 26        9300 0        -24 2      
1/1/1/5/22     -24 318     1 900       49 398      3 26        8200 0        -27 9      
1/1/1/5/23     -18 928     1 982       52 898      3 24        7350 0        -23 3      
1/1/1/5/24     unknown     unknown     unknown     unknown     unknown       invalid    
1/1/1/5/25     -19 136     2 110       51 500      3 26        8250 0        -23 3      
1/1/1/5/26     -27 696     2 014       52 602      3 26        8650 0        -31 5      
1/1/1/5/28     -21 192     1 970       52 199      3 28        8550 0        -24 2      
1/1/1/5/30     -19 956     2 190       40 898      3 22        9450 0        -24 4      
1/1/1/5/31     -19 830     2 248       52 102      3 26        14200 0       -23 3      
1/1/1/5/33     -22 758     1 870       51 801      3 26        7250 0        -26 5      
1/1/1/5/35     unknown     unknown     unknown     unknown     unknown       invalid    
1/1/1/5/37     unknown     unknown     unknown     unknown     unknown       invalid    
1/1/1/5/38     unknown     unknown     unknown     unknown     unknown       invalid    
1/1/1/5/39     -22 924     2 264       50 301      3 28        19100 0       -26 9      
1/1/1/5/40     -22 840     2 104       50 398      3 26        8150 0        -26 5      
1/1/1/5/41     -20 222     2 472       48 102      3 30        20050 0       -23 8      
1/1/1/5/42     -26 020     2 180       47 301      3 28        14000 0       -29 5      
1/1/1/5/44     -32 218     2 000       47 699      3 32        13750 0       -30 4      
1/1/1/5/45     -19 100     2 240       48 398      3 30        19650 0       -23 2      
1/1/1/5/46     -26 198     2 354       44 301      3 26        17100 0       -29 5      
1/1/1/5/47     -22 292     1 932       49 000      3 24        8900 0        -25 3      
1/1/1/5/48     -28 538     2 328       50 102      3 28        9050 0        -28 5      
1/1/1/5/49     unknown     unknown     unknown     unknown     unknown       invalid    
1/1/1/5/50     -20 556     1 948       50 398      3 28        10200 0       -24 8      
1/1/1/5/51     -21 250     2 212       47 301      3 24        9400 0        -24 6      
1/1/1/5/54     -22 840     2 190       51 500      3 26        7500 0        -25 6      
1/1/1/5/55     -23 566     2 240       52 199      3 28        7600 0        -28 8      
1/1/1/5/56     -20 178     2 418       51 102      3 26        8500 0        -25 0      
1/1/1/5/57     -19 318     2 104       41 699      3 22        9150 0        -22 6      
1/1/1/5/58     -18 356     1 884       45 000      3 26        8800 0        -22 6      
1/1/1/5/60     -20 706     2 316       49 699      3 26        7600 0        -24 6      
1/1/1/5/61     -19 546     2 232       42 801      3 26        8600 0        -23 7      
1/1/1/5/62     -22 518     1 860       43 898      3 28        8950 0        -29 2      
1/1/1/5/63     -19 208     2 180       40 199      3 28        6900 0        -23 1      
1/1/1/5/65     -19 666     2 070       51 801      3 26        8500 0        -22 4      
1/1/1/5/66     -24 090     2 078       53 301      3 26        8000 0        -27 9      
1/1/1/6/1      -21 740     2 240       52 102      3 30        12250 0       -24 3      
1/1/1/6/2      -20 088     2 166       48 000      3 26        8000 0        -23 5      
1/1/1/6/3      -24 560     2 236       39 398      3 28        6036 0        -24 9      
1/1/1/6/4      -22 924     1 918       40 500      3 24        8700 0        -25 6      
1/1/1/6/5      unknown     unknown     unknown     unknown     unknown       invalid    
1/1/1/6/6      unknown     unknown     unknown     unknown     unknown       invalid    
1/1/1/6/7      -20 706     2 240       38 699      3 24        7450 0        -23 0      
1/1/1/6/8      -20 810     2 512       39 699      3 26        10000 0       -22 7      
1/1/1/6/9      -20 362     2 080       45 000      3 26        11950 0       -22 4      
1/1/1/6/30     unknown     unknown     unknown     unknown     unknown       invalid    
1/1/1/7/1      -29 998     2 390       53 602      3 24        8300 0        -28 8      
1/1/1/7/2      -19 318     1 842       48 699      3 26        7250 0        -21 4      
1/1/1/7/3      -20 970     1 878       51 102      3 28        8600 0        -24 0      
1/1/1/7/4      -19 914     2 056       44 699      3 26        7950 0        -22 6      
1/1/1/7/5      -26 778     2 072       51 801      3 28        8550 0        -30 0      
1/1/1/7/6      unknown     unknown     unknown     unknown     unknown       invalid    
1/1/1/7/7      -18 860     2 080       46 898      3 28        16900 0       -23 8      
1/1/1/7/8      unknown     unknown     unknown     unknown     unknown       invalid    
1/1/1/7/9      unknown     unknown     unknown     unknown     unknown       invalid    
1/1/1/7/10     unknown     unknown     unknown     unknown     unknown       invalid    
1/1/1/7/11     unknown     unknown     unknown     unknown     unknown       invalid    
1/1/1/7/12     -30 970     2 026       50 102      3 26        7650 0        -28 8      
1/1/1/7/13     -22 292     2 186       48 699      3 28        7450 0        -24 5      
1/1/1/7/14     -21 192     1 866       51 102      3 26        9300 0        -23 0      
1/1/1/7/15     -25 086     2 166       52 898      3 28        7650 0        -26 3      
1/1/1/7/16     -35 228     1 940       51 102      3 24        8900 0        -27 6      
1/1/1/7/17     unknown     unknown     unknown     unknown     unknown       invalid    
1/1/1/7/18     -26 576     2 064       51 801      3 30        9750 0        -26 3      
1/1/1/7/19     -24 318     2 522       51 102      unsupported 9300 0        -27 9      
1/1/1/7/22     -24 686     2 244       50 801      3 26        8700 0        -26 0      
1/1/1/7/23     unknown     unknown     unknown     unknown     unknown       invalid    
1/1/1/7/24     unknown     unknown     unknown     unknown     unknown       invalid    
1/1/1/7/26     -21 426     1 980       51 102      3 28        8200 0        -24 2      
1/1/1/7/27     unknown     unknown     unknown     unknown     unknown       invalid    
1/1/1/7/28     unknown     unknown     unknown     unknown     unknown       invalid    
1/1/1/7/29     unknown     unknown     unknown     unknown     unknown       invalid    
1/1/1/7/30     -26 382     1 828       49 000      3 28        8650 0        -30 4      
1/1/1/7/31     unknown     unknown     unknown     unknown     unknown       invalid    
1/1/1/7/32     -29 586     2 264       49 000      3 24        5976 0        -25 0      
1/1/1/7/34     -22 924     2 482       45 500      3 24        8850 0        -22 8      
1/1/1/7/36     -20 178     1 966       51 801      3 26        10750 0       -22 9      
1/1/1/7/37     unknown     unknown     unknown     unknown     unknown       invalid    
1/1/1/7/38     -25 228     2 214       55 102      3 28        11350 0       -28 2      
1/1/1/7/39     unknown     unknown     unknown     unknown     unknown       invalid    
1/1/1/7/40     unknown     unknown     unknown     unknown     unknown       invalid    
1/1/1/7/41     -23 872     1 952       36 000      3 26        8700 0        -26 7      
1/1/1/7/42     -28 538     2 334       48 398      3 28        13700 0       -33 9      
1/1/1/7/43     unknown     unknown     unknown     unknown     unknown       invalid    
1/1/1/7/44     -20 810     1 700       41 699      3 26        9000 0        -23 1      
1/1/1/7/46     -21 192     2 076       46 602      3 28        15650 0       -23 9      
1/1/1/7/47     -21 938     2 538       38 301      3 28        15800 0       -24 0      
1/1/1/7/48     -22 924     1 916       43 500      3 26        7550 0        -26 0      
1/1/1/7/49     -23 188     2 022       41 199      3 28        7650 0        -24 8      
1/1/1/7/50     -24 318     2 012       40 898      3 24        8850 0        -27 2      
1/1/1/7/51     -29 998     1 892       52 199      3 24        8550 0        -27 2      
1/1/1/7/52     -20 410     2 072       52 199      3 26        9250 0        -22 2      
1/1/1/7/53     -19 470     1 916       46 500      3 24        7700 0        -22 4      
1/1/1/7/54     unknown     unknown     unknown     unknown     unknown       invalid    
1/1/1/7/55     unknown     unknown     unknown     unknown     unknown       invalid    
1/1/1/7/56     unknown     unknown     unknown     unknown     unknown       invalid    
1/1/1/7/57     -22 924     2 026       51 102      3 26        7900 0        -27 2      
1/1/1/7/58     -19 244     2 150       38 199      3 22        8400 0        -21 9      
1/1/1/7/59     -19 394     2 130       53 602      3 26        8200 0        -22 2      
1/1/1/7/60     unknown     unknown     unknown     unknown     unknown       invalid    
1/1/1/7/61     -21 488     2 194       50 398      3 24        7050 0        -24 3      
1/1/1/7/62     -20 088     2 080       40 898      3 24        7300 0        -22 8      
1/1/1/7/64     -23 566     2 010       42 801      3 24        9800 0        -26 9      
1/1/1/7/65     -20 000     1 972       42 801      3 26        6600 0        -22 0      
1/1/1/7/66     -23 566     1 862       39 398      3 28        8600 0        -24 6      
1/1/1/7/67     -22 146     2 030       52 898      3 28        7000 0        -25 5      
1/1/1/7/68     -21 870     1 952       51 500      3 28        6650 0        -23 9      
1/1/1/7/69     -25 686     1 898       53 301      3 26        7100 0        -27 4      
1/1/1/7/70     -21 612     1 860       41 301      3 26        7950 0        -24 8      
1/1/1/7/71     -21 250     2 324       41 000      3 24        7300 0        -23 5      
1/1/1/7/72     -20 862     1 888       44 898      3 24        8300 0        -23 2      
1/1/1/7/73     -30 458     2 250       45 699      3 26        10350 0       -27 9      
1/1/1/7/74     -19 830     1 924       43 102      3 24        7900 0        -23 4      
1/1/1/7/75     unknown     unknown     unknown     unknown     unknown       invalid    
1/1/1/7/76     -22 292     1 738       43 801      3 28        9250 0        -26 1      
1/1/1/7/78     -21 308     2 198       41 699      3 28        16700 0       -23 4      
1/1/1/7/79     -19 706     1 894       40 500      3 28        7900 0        -22 9      
1/1/1/7/80     -24 436     2 636       41 301      3 28        13650 0       -28 5      
1/1/1/7/81     unknown     unknown     unknown     unknown     unknown       invalid    
1/1/1/7/82     -22 076     1 912       43 500      3 26        5600 0        -23 8      
1/1/1/7/87     unknown     unknown     unknown     unknown     unknown       invalid    
1/1/1/7/88     -20 656     2 114       46 500      3 26        9450 0        -23 3      
1/1/1/7/89     -20 916     2 078       41 301      3 24        8700 0        -23 6      
1/1/1/7/90     -22 442     1 832       49 398      3 26        7650 0        -24 6      
1/1/1/7/91     -27 958     1 940       41 602      3 24        13550 0       -28 5      
1/1/1/7/92     unknown     unknown     unknown     unknown     unknown       invalid    
1/1/1/8/1      unknown     unknown     unknown     unknown     unknown       invalid    
1/1/1/8/2      unknown     unknown     unknown     unknown     unknown       invalid    
1/1/1/8/3      -19 066     1 986       40 199      3 26        10400 0       -22 6      
1/1/1/8/4      unknown     unknown     unknown     unknown     unknown       invalid    
1/1/1/8/5      unknown     unknown     unknown     unknown     unknown       invalid    
1/1/1/8/6      -25 528     1 980       47 602      3 26        7500 0        -29 2      
1/1/1/8/7      -19 790     2 180       32 000      3 36        6000 0        -22 9      
1/1/1/8/8      -28 240     2 206       35 000      3 36        6000 0        -29 5      
1/1/1/8/10     unknown     unknown     unknown     unknown     unknown       invalid    
1/1/1/8/12     -20 044     2 414       48 801      3 28        20700 0       -22 4      
1/1/1/8/13     -19 318     2 122       49 500      3 26        13250 0       -23 0      
1/1/1/8/14     -25 228     2 152       52 199      3 28        7850 0        -28 8      
1/1/1/8/15     unknown     unknown     unknown     unknown     unknown       invalid    
1/1/1/8/17     -24 686     2 388       50 801      3 28        8300 0        -25 3      
1/1/1/8/18     -19 872     2 354       51 801      3 28        12400 0       -22 7      
1/1/1/8/20     -18 602     2 286       53 301      3 28        8400 0        -22 4      
1/1/1/8/22     -24 436     1 948       38 602      3 30        7750 0        -27 6      
1/1/1/8/25     -21 550     1 994       46 398      3 26        7800 0        -25 2      
1/1/1/8/26     unknown     unknown     unknown     unknown     unknown       invalid    
1/1/1/8/27     -19 136     2 078       51 102      3 26        7700 0        -22 2      
1/1/1/8/28     -20 506     2 142       41 301      3 26        7750 0        -23 1      
1/1/1/8/29     -19 546     2 388       50 801      3 26        8350 0        -23 0      
1/1/1/8/30     -19 282     1 710       42 000      3 28        11500 0       -23 8      
1/1/1/8/31     -18 894     2 270       38 199      3 22        8150 0        -22 2      
1/1/1/8/32     -20 410     2 028       42 102      3 26        6800 0        -23 8      
1/1/1/8/37     -23 372     1 850       33 699      3 26        5300 0        -26 9      
1/1/1/8/38     -20 222     2 238       52 898      3 26        15850 0       -23 7      
1/1/1/8/39     -20 970     2 048       37 102      3 26        7850 0        -22 3      
1/1/1/8/40     -20 044     1 934       40 102      3 26        8600 0        -22 7      
1/1/1/9/1      -26 990     1 914       48 000      3 24        8050 0        -29 5      
1/1/1/9/2      -21 136     2 232       33 801      3 30        11050 0       -24 5      
1/1/1/9/3      -19 872     2 254       46 602      3 28        20300 0       -22 5      
1/1/1/9/4      -20 810     1 652       47 602      3 26        10000 0       -24 4      
1/1/1/9/5      -23 468     2 108       49 102      3 26        9950 0        -27 9      
1/1/1/9/6      -19 470     2 134       51 801      3 28        9300 0        -23 3      
1/1/1/9/7      -19 394     1 944       52 500      3 26        11500 0       -23 1      
1/1/1/9/8      -20 656     2 042       51 102      3 28        7500 0        -23 6      
1/1/1/9/9      -22 076     1 998       40 199      3 24        7900 0        -24 5      
1/1/1/9/10     unknown     unknown     unknown     unknown     unknown       invalid    
1/1/1/9/11     -19 430     1 648       51 801      3 26        9900 0        -23 0      
1/1/1/9/12     unknown     unknown     unknown     unknown     unknown       invalid    
1/1/1/9/13     -21 870     2 276       51 801      3 28        8500 0        -23 6      
1/1/1/9/14     -28 240     2 300       50 801      3 24        7750 0        -32 2      
1/1/1/9/15     -28 860     1 946       50 398      3 26        10100 0       -30 4      
1/1/1/9/17     unknown     unknown     unknown     unknown     unknown       invalid    
1/1/1/9/19     -19 872     2 724       51 500      3 26        7250 0        -23 5      
1/1/1/9/20     unknown     unknown     unknown     unknown     unknown       invalid    
1/1/1/9/22     -21 192     1 972       51 801      3 28        10050 0       -24 0      
1/1/1/9/24     -21 024     1 918       48 398      3 26        12000 0       -26 1      
1/1/1/9/25     -19 172     1 912       51 398      3 24        10550 0       -22 8      
1/1/1/9/26     unknown     unknown     unknown     unknown     unknown       invalid    
1/1/1/9/27     -19 872     2 220       52 199      3 26        8400 0        -23 6      
1/1/1/9/31     unknown     unknown     unknown     unknown     unknown       invalid    
1/1/1/9/32     unknown     unknown     unknown     unknown     unknown       invalid    
1/1/1/9/33     -20 758     2 140       50 801      3 24        7900 0        -23 8      
